x	y
1.000000e-04	8.633225e+00
1.012186e-04	8.621113e+00
1.024521e-04	8.609002e+00
1.037007e-04	8.596890e+00
1.049644e-04	8.584778e+00
1.062436e-04	8.572667e+00
1.075383e-04	8.560555e+00
1.088488e-04	8.548444e+00
1.101753e-04	8.536332e+00
1.115180e-04	8.524221e+00
1.128770e-04	8.512109e+00
1.142525e-04	8.499998e+00
1.156449e-04	8.487886e+00
1.170542e-04	8.475775e+00
1.184807e-04	8.463664e+00
1.199245e-04	8.451552e+00
1.213860e-04	8.439441e+00
1.228652e-04	8.427330e+00
1.243625e-04	8.415218e+00
1.258781e-04	8.403107e+00
1.274121e-04	8.390996e+00
1.289648e-04	8.378884e+00
1.305364e-04	8.366773e+00
1.321272e-04	8.354662e+00
1.337374e-04	8.342551e+00
1.353672e-04	8.330439e+00
1.370168e-04	8.318328e+00
1.386866e-04	8.306217e+00
1.403767e-04	8.294106e+00
1.420874e-04	8.281995e+00
1.438189e-04	8.269884e+00
1.455716e-04	8.257773e+00
1.473456e-04	8.245662e+00
1.491412e-04	8.233551e+00
1.509587e-04	8.221440e+00
1.527983e-04	8.209329e+00
1.546604e-04	8.197218e+00
1.565452e-04	8.185107e+00
1.584529e-04	8.172996e+00
1.603839e-04	8.160885e+00
1.623384e-04	8.148774e+00
1.643168e-04	8.136663e+00
1.663192e-04	8.124552e+00
1.683460e-04	8.112442e+00
1.703976e-04	8.100331e+00
1.724741e-04	8.088220e+00
1.745760e-04	8.076109e+00
1.767035e-04	8.063999e+00
1.788569e-04	8.051888e+00
1.810365e-04	8.039777e+00
1.832427e-04	8.027667e+00
1.854758e-04	8.015556e+00
1.877361e-04	8.003446e+00
1.900239e-04	7.991335e+00
1.923396e-04	7.979224e+00
1.946836e-04	7.967114e+00
1.970561e-04	7.955004e+00
1.994575e-04	7.942893e+00
2.018882e-04	7.930783e+00
2.043485e-04	7.918672e+00
2.068388e-04	7.906562e+00
2.093594e-04	7.894452e+00
2.119108e-04	7.882341e+00
2.144932e-04	7.870231e+00
2.171071e-04	7.858121e+00
2.197529e-04	7.846011e+00
2.224309e-04	7.833901e+00
2.251416e-04	7.821791e+00
2.278853e-04	7.809680e+00
2.306624e-04	7.797570e+00
2.334733e-04	7.785460e+00
2.363186e-04	7.773350e+00
2.391985e-04	7.761240e+00
2.421134e-04	7.749131e+00
2.450640e-04	7.737021e+00
2.480504e-04	7.724911e+00
2.510733e-04	7.712801e+00
2.541330e-04	7.700691e+00
2.572300e-04	7.688582e+00
2.603647e-04	7.676472e+00
2.635376e-04	7.664362e+00
2.667492e-04	7.652253e+00
2.700000e-04	7.640143e+00
2.732903e-04	7.628034e+00
2.766208e-04	7.615924e+00
2.799918e-04	7.603815e+00
2.834039e-04	7.591705e+00
2.868576e-04	7.579596e+00
2.903534e-04	7.567486e+00
2.938918e-04	7.555377e+00
2.974733e-04	7.543268e+00
3.010984e-04	7.531159e+00
3.047678e-04	7.519050e+00
3.084818e-04	7.506940e+00
3.122411e-04	7.494831e+00
3.160462e-04	7.482722e+00
3.198977e-04	7.470613e+00
3.237962e-04	7.458504e+00
3.277421e-04	7.446396e+00
3.317361e-04	7.434287e+00
3.357788e-04	7.422178e+00
3.398708e-04	7.410069e+00
3.440126e-04	7.397961e+00
3.482049e-04	7.385852e+00
3.524483e-04	7.373743e+00
3.567434e-04	7.361635e+00
3.610909e-04	7.349526e+00
3.654913e-04	7.337418e+00
3.699453e-04	7.325310e+00
3.744537e-04	7.313201e+00
3.790170e-04	7.301093e+00
3.836358e-04	7.288985e+00
3.883110e-04	7.276877e+00
3.930432e-04	7.264768e+00
3.978330e-04	7.252660e+00
4.026811e-04	7.240552e+00
4.075884e-04	7.228445e+00
4.125555e-04	7.216337e+00
4.175831e-04	7.204229e+00
4.226720e-04	7.192121e+00
4.278228e-04	7.180013e+00
4.330365e-04	7.167906e+00
4.383137e-04	7.155798e+00
4.436552e-04	7.143691e+00
4.490618e-04	7.131583e+00
4.545343e-04	7.119476e+00
4.600734e-04	7.107369e+00
4.656801e-04	7.095262e+00
4.713551e-04	7.083154e+00
4.770993e-04	7.071047e+00
4.829134e-04	7.058940e+00
4.887985e-04	7.046833e+00
4.947552e-04	7.034727e+00
5.007845e-04	7.022620e+00
5.068873e-04	7.010513e+00
5.130645e-04	6.998406e+00
5.193169e-04	6.986300e+00
5.256456e-04	6.974193e+00
5.320514e-04	6.962087e+00
5.385352e-04	6.949981e+00
5.450980e-04	6.937874e+00
5.517409e-04	6.925768e+00
5.584647e-04	6.913662e+00
5.652704e-04	6.901556e+00
5.721590e-04	6.889450e+00
5.791316e-04	6.877344e+00
5.861892e-04	6.865238e+00
5.933328e-04	6.853133e+00
6.005634e-04	6.841027e+00
6.078822e-04	6.828922e+00
6.152901e-04	6.816816e+00
6.227884e-04	6.804711e+00
6.303780e-04	6.792606e+00
6.380601e-04	6.780500e+00
6.458358e-04	6.768395e+00
6.537062e-04	6.756290e+00
6.616726e-04	6.744186e+00
6.697361e-04	6.732081e+00
6.778978e-04	6.719976e+00
6.861590e-04	6.707872e+00
6.945208e-04	6.695767e+00
7.029846e-04	6.683663e+00
7.115515e-04	6.671558e+00
7.202228e-04	6.659454e+00
7.289998e-04	6.647350e+00
7.378838e-04	6.635246e+00
7.468760e-04	6.623143e+00
7.559778e-04	6.611039e+00
7.651905e-04	6.598935e+00
7.745154e-04	6.586832e+00
7.839541e-04	6.574728e+00
7.935077e-04	6.562625e+00
8.031778e-04	6.550522e+00
8.129657e-04	6.538419e+00
8.228729e-04	6.526316e+00
8.329008e-04	6.514213e+00
8.430509e-04	6.502110e+00
8.533248e-04	6.490008e+00
8.637238e-04	6.477905e+00
8.742495e-04	6.465803e+00
8.849036e-04	6.453701e+00
8.956874e-04	6.441599e+00
9.066027e-04	6.429497e+00
9.176510e-04	6.417395e+00
9.288339e-04	6.405294e+00
9.401532e-04	6.393192e+00
9.516103e-04	6.381091e+00
9.632071e-04	6.368989e+00
9.749452e-04	6.356888e+00
9.868264e-04	6.344787e+00
9.988523e-04	6.332687e+00
1.011025e-03	6.320586e+00
1.023346e-03	6.308485e+00
1.035817e-03	6.296385e+00
1.048440e-03	6.284285e+00
1.061216e-03	6.272185e+00
1.074149e-03	6.260085e+00
1.087239e-03	6.247985e+00
1.100489e-03	6.235886e+00
1.113900e-03	6.223786e+00
1.127474e-03	6.211687e+00
1.141214e-03	6.199588e+00
1.155122e-03	6.187489e+00
1.169198e-03	6.175390e+00
1.183447e-03	6.163292e+00
1.197869e-03	6.151193e+00
1.212467e-03	6.139095e+00
1.227242e-03	6.126997e+00
1.242198e-03	6.114899e+00
1.257336e-03	6.102801e+00
1.272659e-03	6.090704e+00
1.288168e-03	6.078606e+00
1.303866e-03	6.066509e+00
1.319756e-03	6.054412e+00
1.335839e-03	6.042316e+00
1.352118e-03	6.030219e+00
1.368596e-03	6.018123e+00
1.385274e-03	6.006026e+00
1.402156e-03	5.993931e+00
1.419243e-03	5.981835e+00
1.436538e-03	5.969739e+00
1.454045e-03	5.957644e+00
1.471765e-03	5.945549e+00
1.489700e-03	5.933454e+00
1.507854e-03	5.921359e+00
1.526230e-03	5.909265e+00
1.544829e-03	5.897171e+00
1.563655e-03	5.885076e+00
1.582711e-03	5.872983e+00
1.601998e-03	5.860889e+00
1.621521e-03	5.848796e+00
1.641282e-03	5.836703e+00
1.661283e-03	5.824610e+00
1.681528e-03	5.812517e+00
1.702020e-03	5.800425e+00
1.722762e-03	5.788333e+00
1.743756e-03	5.776241e+00
1.765007e-03	5.764149e+00
1.786516e-03	5.752058e+00
1.808287e-03	5.739967e+00
1.830324e-03	5.727876e+00
1.852629e-03	5.715786e+00
1.875206e-03	5.703695e+00
1.898058e-03	5.691605e+00
1.921189e-03	5.679516e+00
1.944601e-03	5.667426e+00
1.968299e-03	5.655337e+00
1.992286e-03	5.643248e+00
2.016565e-03	5.631160e+00
2.041140e-03	5.619071e+00
2.066014e-03	5.606983e+00
2.091191e-03	5.594896e+00
2.116676e-03	5.582808e+00
2.142471e-03	5.570721e+00
2.168580e-03	5.558635e+00
2.195007e-03	5.546548e+00
2.221756e-03	5.534462e+00
2.248832e-03	5.522376e+00
2.276237e-03	5.510291e+00
2.303977e-03	5.498206e+00
2.332054e-03	5.486121e+00
2.360473e-03	5.474036e+00
2.389239e-03	5.461952e+00
2.418356e-03	5.449869e+00
2.447827e-03	5.437785e+00
2.477657e-03	5.425702e+00
2.507851e-03	5.413620e+00
2.538413e-03	5.401537e+00
2.569348e-03	5.389455e+00
2.600659e-03	5.377374e+00
2.632352e-03	5.365293e+00
2.664431e-03	5.353212e+00
2.696901e-03	5.341131e+00
2.729767e-03	5.329051e+00
2.763033e-03	5.316972e+00
2.796705e-03	5.304893e+00
2.830787e-03	5.292814e+00
2.865284e-03	5.280735e+00
2.900202e-03	5.268657e+00
2.935545e-03	5.256580e+00
2.971319e-03	5.244503e+00
3.007529e-03	5.232426e+00
3.044180e-03	5.220350e+00
3.081278e-03	5.208274e+00
3.118828e-03	5.196199e+00
3.156835e-03	5.184124e+00
3.195306e-03	5.172050e+00
3.234245e-03	5.159976e+00
3.273660e-03	5.147902e+00
3.313554e-03	5.135829e+00
3.353935e-03	5.123757e+00
3.394807e-03	5.111685e+00
3.436178e-03	5.099613e+00
3.478053e-03	5.087542e+00
3.520438e-03	5.075472e+00
3.563340e-03	5.063402e+00
3.606764e-03	5.051332e+00
3.650718e-03	5.039263e+00
3.695208e-03	5.027195e+00
3.740239e-03	5.015127e+00
3.785820e-03	5.003059e+00
3.831955e-03	4.990993e+00
3.878653e-03	4.978926e+00
3.925921e-03	4.966861e+00
3.973764e-03	4.954796e+00
4.022190e-03	4.942731e+00
4.071206e-03	4.930667e+00
4.120820e-03	4.918604e+00
4.171038e-03	4.906541e+00
4.221869e-03	4.894479e+00
4.273318e-03	4.882418e+00
4.325395e-03	4.870357e+00
4.378106e-03	4.858297e+00
4.431460e-03	4.846237e+00
4.485464e-03	4.834178e+00
4.540126e-03	4.822120e+00
4.595454e-03	4.810062e+00
4.651457e-03	4.798005e+00
4.708141e-03	4.785949e+00
4.765517e-03	4.773893e+00
4.823592e-03	4.761839e+00
4.882375e-03	4.749784e+00
4.941874e-03	4.737731e+00
5.002098e-03	4.725678e+00
5.063056e-03	4.713626e+00
5.124757e-03	4.701575e+00
5.187209e-03	4.689524e+00
5.250423e-03	4.677474e+00
5.314407e-03	4.665425e+00
5.379171e-03	4.653377e+00
5.444724e-03	4.641330e+00
5.511076e-03	4.629283e+00
5.578237e-03	4.617237e+00
5.646216e-03	4.605192e+00
5.715024e-03	4.593148e+00
5.784670e-03	4.581105e+00
5.855164e-03	4.569062e+00
5.926518e-03	4.557020e+00
5.998742e-03	4.544980e+00
6.071845e-03	4.532940e+00
6.145840e-03	4.520901e+00
6.220736e-03	4.508862e+00
6.296545e-03	4.496825e+00
6.373278e-03	4.484789e+00
6.450945e-03	4.472753e+00
6.529560e-03	4.460719e+00
6.609132e-03	4.448686e+00
6.689674e-03	4.436653e+00
6.771198e-03	4.424621e+00
6.853715e-03	4.412591e+00
6.937238e-03	4.400561e+00
7.021778e-03	4.388533e+00
7.107349e-03	4.376505e+00
7.193962e-03	4.364479e+00
7.281631e-03	4.352453e+00
7.370369e-03	4.340429e+00
7.460188e-03	4.328405e+00
7.551101e-03	4.316383e+00
7.643123e-03	4.304362e+00
7.736265e-03	4.292342e+00
7.830543e-03	4.280323e+00
7.925970e-03	4.268305e+00
8.022560e-03	4.256289e+00
8.120327e-03	4.244273e+00
8.219285e-03	4.232259e+00
8.319449e-03	4.220246e+00
8.420834e-03	4.208234e+00
8.523454e-03	4.196223e+00
8.627325e-03	4.184214e+00
8.732462e-03	4.172206e+00
8.838880e-03	4.160199e+00
8.946595e-03	4.148193e+00
9.055622e-03	4.136189e+00
9.165978e-03	4.124186e+00
9.277679e-03	4.112184e+00
9.390742e-03	4.100184e+00
9.505182e-03	4.088185e+00
9.621016e-03	4.076188e+00
9.738263e-03	4.064191e+00
9.856938e-03	4.052197e+00
9.977059e-03	4.040203e+00
1.009864e-02	4.028212e+00
1.022171e-02	4.016221e+00
1.034628e-02	4.004232e+00
1.047236e-02	3.992245e+00
1.059998e-02	3.980259e+00
1.072916e-02	3.968275e+00
1.085991e-02	3.956292e+00
1.099226e-02	3.944311e+00
1.112621e-02	3.932331e+00
1.126180e-02	3.920353e+00
1.139904e-02	3.908377e+00
1.153796e-02	3.896402e+00
1.167857e-02	3.884429e+00
1.182089e-02	3.872458e+00
1.196494e-02	3.860488e+00
1.211075e-02	3.848520e+00
1.225834e-02	3.836554e+00
1.240772e-02	3.824590e+00
1.255893e-02	3.812627e+00
1.271198e-02	3.800666e+00
1.286689e-02	3.788708e+00
1.302370e-02	3.776750e+00
1.318241e-02	3.764795e+00
1.334306e-02	3.752842e+00
1.350566e-02	3.740891e+00
1.367025e-02	3.728941e+00
1.383684e-02	3.716994e+00
1.400546e-02	3.705049e+00
1.417614e-02	3.693105e+00
1.434890e-02	3.681164e+00
1.452376e-02	3.669225e+00
1.470075e-02	3.657288e+00
1.487990e-02	3.645353e+00
1.506124e-02	3.633420e+00
1.524478e-02	3.621489e+00
1.543056e-02	3.609561e+00
1.561861e-02	3.597635e+00
1.580894e-02	3.585711e+00
1.600160e-02	3.573789e+00
1.619660e-02	3.561869e+00
1.639398e-02	3.549952e+00
1.659377e-02	3.538038e+00
1.679598e-02	3.526125e+00
1.700067e-02	3.514216e+00
1.720785e-02	3.502308e+00
1.741755e-02	3.490403e+00
1.762981e-02	3.478501e+00
1.784465e-02	3.466601e+00
1.806212e-02	3.454704e+00
1.828223e-02	3.442809e+00
1.850503e-02	3.430917e+00
1.873054e-02	3.419028e+00
1.895880e-02	3.407141e+00
1.918984e-02	3.395257e+00
1.942370e-02	3.383376e+00
1.966040e-02	3.371497e+00
1.989999e-02	3.359622e+00
2.014250e-02	3.347749e+00
2.038797e-02	3.335879e+00
2.063643e-02	3.324012e+00
2.088791e-02	3.312148e+00
2.114246e-02	3.300287e+00
2.140012e-02	3.288429e+00
2.166091e-02	3.276575e+00
2.192488e-02	3.264723e+00
2.219207e-02	3.252874e+00
2.246251e-02	3.241029e+00
2.273625e-02	3.229187e+00
2.301332e-02	3.217348e+00
2.329377e-02	3.205512e+00
2.357764e-02	3.193680e+00
2.386497e-02	3.181851e+00
2.415580e-02	3.170026e+00
2.445018e-02	3.158204e+00
2.474814e-02	3.146385e+00
2.504973e-02	3.134570e+00
2.535500e-02	3.122759e+00
2.566399e-02	3.110951e+00
2.597674e-02	3.099147e+00
2.629331e-02	3.087347e+00
2.661373e-02	3.075550e+00
2.693806e-02	3.063757e+00
2.726634e-02	3.051968e+00
2.759862e-02	3.040183e+00
2.793495e-02	3.028402e+00
2.827538e-02	3.016625e+00
2.861995e-02	3.004852e+00
2.896873e-02	2.993083e+00
2.932176e-02	2.981318e+00
2.967909e-02	2.969557e+00
3.004077e-02	2.957801e+00
3.040686e-02	2.946049e+00
3.077741e-02	2.934301e+00
3.115248e-02	2.922557e+00
3.153212e-02	2.910818e+00
3.191639e-02	2.899084e+00
3.230534e-02	2.887353e+00
3.269902e-02	2.875628e+00
3.309751e-02	2.863907e+00
3.350085e-02	2.852191e+00
3.390911e-02	2.840480e+00
3.432234e-02	2.828773e+00
3.474061e-02	2.817071e+00
3.516398e-02	2.805375e+00
3.559250e-02	2.793683e+00
3.602625e-02	2.781996e+00
3.646528e-02	2.770314e+00
3.690967e-02	2.758638e+00
3.735947e-02	2.746967e+00
3.781475e-02	2.735301e+00
3.827557e-02	2.723640e+00
3.874202e-02	2.711985e+00
3.921415e-02	2.700335e+00
3.969203e-02	2.688691e+00
4.017574e-02	2.677052e+00
4.066534e-02	2.665419e+00
4.116091e-02	2.653792e+00
4.166251e-02	2.642170e+00
4.217023e-02	2.630555e+00
4.268414e-02	2.618945e+00
4.320431e-02	2.607342e+00
4.373082e-02	2.595744e+00
4.426374e-02	2.584152e+00
4.480316e-02	2.572567e+00
4.534915e-02	2.560988e+00
4.590180e-02	2.549416e+00
4.646118e-02	2.537849e+00
4.702738e-02	2.526290e+00
4.760048e-02	2.514737e+00
4.818056e-02	2.503190e+00
4.876771e-02	2.491651e+00
4.936202e-02	2.480118e+00
4.996357e-02	2.468592e+00
5.057245e-02	2.457073e+00
5.118875e-02	2.445561e+00
5.181256e-02	2.434056e+00
5.244397e-02	2.422559e+00
5.308308e-02	2.411068e+00
5.372998e-02	2.399585e+00
5.438476e-02	2.388110e+00
5.504751e-02	2.376642e+00
5.571835e-02	2.365182e+00
5.639736e-02	2.353729e+00
5.708465e-02	2.342285e+00
5.778031e-02	2.330848e+00
5.848445e-02	2.319419e+00
5.919717e-02	2.307998e+00
5.991857e-02	2.296586e+00
6.064877e-02	2.285182e+00
6.138786e-02	2.273786e+00
6.213596e-02	2.262399e+00
6.289318e-02	2.251020e+00
6.365963e-02	2.239650e+00
6.443542e-02	2.228288e+00
6.522066e-02	2.216936e+00
6.601547e-02	2.205592e+00
6.681996e-02	2.194258e+00
6.763426e-02	2.182933e+00
6.845849e-02	2.171617e+00
6.929276e-02	2.160310e+00
7.013719e-02	2.149013e+00
7.099192e-02	2.137725e+00
7.185706e-02	2.126447e+00
7.273274e-02	2.115179e+00
7.361910e-02	2.103921e+00
7.451626e-02	2.092673e+00
7.542435e-02	2.081435e+00
7.634351e-02	2.070207e+00
7.727387e-02	2.058990e+00
7.821556e-02	2.047783e+00
7.916873e-02	2.036587e+00
8.013352e-02	2.025402e+00
8.111007e-02	2.014227e+00
8.209852e-02	2.003063e+00
8.309901e-02	1.991911e+00
8.411169e-02	1.980770e+00
8.513672e-02	1.969640e+00
8.617423e-02	1.958521e+00
8.722440e-02	1.947414e+00
8.828735e-02	1.936319e+00
8.936327e-02	1.925236e+00
9.045229e-02	1.914164e+00
9.155459e-02	1.903105e+00
9.267031e-02	1.892058e+00
9.379964e-02	1.881024e+00
9.494273e-02	1.870002e+00
9.609974e-02	1.858992e+00
9.727086e-02	1.847996e+00
9.845625e-02	1.837012e+00
9.965609e-02	1.826042e+00
1.008705e-01	1.815084e+00
1.020998e-01	1.804141e+00
1.033440e-01	1.793210e+00
1.046034e-01	1.782294e+00
1.058782e-01	1.771391e+00
1.071685e-01	1.760502e+00
1.084745e-01	1.749627e+00
1.097964e-01	1.738767e+00
1.111344e-01	1.727920e+00
1.124888e-01	1.717089e+00
1.138596e-01	1.706272e+00
1.152472e-01	1.695471e+00
1.166516e-01	1.684684e+00
1.180732e-01	1.673912e+00
1.195121e-01	1.663156e+00
1.209685e-01	1.652416e+00
1.224427e-01	1.641691e+00
1.239348e-01	1.630982e+00
1.254452e-01	1.620289e+00
1.269739e-01	1.609612e+00
1.285213e-01	1.598952e+00
1.300875e-01	1.588309e+00
1.316728e-01	1.577682e+00
1.332774e-01	1.567072e+00
1.349016e-01	1.556479e+00
1.365456e-01	1.545903e+00
1.382096e-01	1.535345e+00
1.398939e-01	1.524805e+00
1.415987e-01	1.514282e+00
1.433243e-01	1.503778e+00
1.450709e-01	1.493292e+00
1.468388e-01	1.482824e+00
1.486283e-01	1.472374e+00
1.504395e-01	1.461944e+00
1.522729e-01	1.451532e+00
1.541285e-01	1.441140e+00
1.560068e-01	1.430767e+00
1.579080e-01	1.420414e+00
1.598323e-01	1.410080e+00
1.617801e-01	1.399767e+00
1.637517e-01	1.389473e+00
1.657472e-01	1.379200e+00
1.677671e-01	1.368948e+00
1.698116e-01	1.358716e+00
1.718810e-01	1.348506e+00
1.739756e-01	1.338317e+00
1.760958e-01	1.328149e+00
1.782417e-01	1.318002e+00
1.804139e-01	1.307878e+00
1.826125e-01	1.297776e+00
1.848379e-01	1.287696e+00
1.870904e-01	1.277639e+00
1.893704e-01	1.267604e+00
1.916782e-01	1.257593e+00
1.940140e-01	1.247604e+00
1.963784e-01	1.237639e+00
1.987715e-01	1.227698e+00
2.011939e-01	1.217781e+00
2.036457e-01	1.207887e+00
2.061274e-01	1.198019e+00
2.086394e-01	1.188174e+00
2.111820e-01	1.178355e+00
2.137556e-01	1.168561e+00
2.163605e-01	1.158792e+00
2.189972e-01	1.149048e+00
2.216660e-01	1.139331e+00
2.243673e-01	1.129639e+00
2.271015e-01	1.119974e+00
2.298691e-01	1.110335e+00
2.326704e-01	1.100724e+00
2.355058e-01	1.091139e+00
2.383758e-01	1.081581e+00
2.412808e-01	1.072051e+00
2.442212e-01	1.062549e+00
2.471973e-01	1.053075e+00
2.502098e-01	1.043629e+00
2.532590e-01	1.034212e+00
2.563453e-01	1.024824e+00
2.594693e-01	1.015465e+00
2.626313e-01	1.006135e+00
2.658318e-01	9.968346e-01
2.690714e-01	9.875643e-01
2.723504e-01	9.783242e-01
2.756694e-01	9.691144e-01
2.790289e-01	9.599354e-01
2.824293e-01	9.507874e-01
2.858711e-01	9.416706e-01
2.893548e-01	9.325853e-01
2.928810e-01	9.235318e-01
2.964502e-01	9.145104e-01
3.000629e-01	9.055213e-01
3.037196e-01	8.965648e-01
3.074209e-01	8.876412e-01
3.111673e-01	8.787508e-01
3.149593e-01	8.698938e-01
3.187976e-01	8.610705e-01
3.226826e-01	8.522813e-01
3.266150e-01	8.435263e-01
3.305952e-01	8.348059e-01
3.346240e-01	8.261204e-01
3.387019e-01	8.174700e-01
3.428295e-01	8.088550e-01
3.470074e-01	8.002757e-01
3.512362e-01	7.917324e-01
3.555165e-01	7.832254e-01
3.598490e-01	7.747549e-01
3.642343e-01	7.663212e-01
3.686731e-01	7.579247e-01
3.731659e-01	7.495656e-01
3.777135e-01	7.412442e-01
3.823165e-01	7.329608e-01
3.869756e-01	7.247157e-01
3.916914e-01	7.165091e-01
3.964648e-01	7.083413e-01
4.012963e-01	7.002127e-01
4.061867e-01	6.921235e-01
4.111367e-01	6.840740e-01
4.161470e-01	6.760645e-01
4.212183e-01	6.680953e-01
4.263515e-01	6.601666e-01
4.315472e-01	6.522788e-01
4.368063e-01	6.444321e-01
4.421294e-01	6.366268e-01
4.475174e-01	6.288632e-01
4.529711e-01	6.211415e-01
4.584912e-01	6.134621e-01
4.640786e-01	6.058253e-01
4.697341e-01	5.982312e-01
4.754585e-01	5.906802e-01
4.812526e-01	5.831726e-01
4.871174e-01	5.757087e-01
4.930537e-01	5.682886e-01
4.990623e-01	5.609127e-01
5.051441e-01	5.535813e-01
5.113000e-01	5.462946e-01
5.175309e-01	5.390529e-01
5.238378e-01	5.318565e-01
5.302216e-01	5.247055e-01
5.366831e-01	5.176004e-01
5.432234e-01	5.105412e-01
5.498434e-01	5.035284e-01
5.565440e-01	4.965622e-01
5.633263e-01	4.896427e-01
5.701913e-01	4.827703e-01
5.771399e-01	4.759452e-01
5.841732e-01	4.691676e-01
5.912923e-01	4.624378e-01
5.984980e-01	4.557561e-01
6.057916e-01	4.491226e-01
6.131741e-01	4.425376e-01
6.206465e-01	4.360014e-01
6.282100e-01	4.295141e-01
6.358657e-01	4.230760e-01
6.436146e-01	4.166872e-01
6.514580e-01	4.103481e-01
6.593970e-01	4.040588e-01
6.674328e-01	3.978196e-01
6.755664e-01	3.916306e-01
6.837992e-01	3.854920e-01
6.921323e-01	3.794040e-01
7.005670e-01	3.733669e-01
7.091044e-01	3.673808e-01
7.177459e-01	3.614459e-01
7.264927e-01	3.555624e-01
7.353461e-01	3.497304e-01
7.443074e-01	3.439501e-01
7.533779e-01	3.382217e-01
7.625589e-01	3.325454e-01
7.718518e-01	3.269212e-01
7.812579e-01	3.213494e-01
7.907787e-01	3.158300e-01
8.004155e-01	3.103633e-01
8.101698e-01	3.049493e-01
8.200429e-01	2.995882e-01
8.300364e-01	2.942801e-01
8.401516e-01	2.890250e-01
8.503901e-01	2.838232e-01
8.607533e-01	2.786747e-01
8.712429e-01	2.735796e-01
8.818603e-01	2.685380e-01
8.926070e-01	2.635499e-01
9.034848e-01	2.586155e-01
9.144951e-01	2.537348e-01
9.256396e-01	2.489078e-01
9.369199e-01	2.441347e-01
9.483376e-01	2.394154e-01
9.598945e-01	2.347501e-01
9.715923e-01	2.301386e-01
9.834325e-01	2.255811e-01
9.954171e-01	2.210776e-01
1.007548e+00	2.166281e-01
1.019826e+00	2.122325e-01
1.032254e+00	2.078909e-01
1.044834e+00	2.036033e-01
1.057567e+00	1.993695e-01
1.070455e+00	1.951897e-01
1.083500e+00	1.910637e-01
1.096704e+00	1.869915e-01
1.110069e+00	1.829730e-01
1.123597e+00	1.790082e-01
1.137289e+00	1.750970e-01
1.151149e+00	1.712394e-01
1.165177e+00	1.674351e-01
1.179377e+00	1.636841e-01
1.193749e+00	1.599864e-01
1.208297e+00	1.563417e-01
1.223022e+00	1.527500e-01
1.237926e+00	1.492111e-01
1.253012e+00	1.457249e-01
1.268282e+00	1.422912e-01
1.283738e+00	1.389098e-01
1.299382e+00	1.355806e-01
1.315217e+00	1.323034e-01
1.331245e+00	1.290780e-01
1.347468e+00	1.259042e-01
1.363889e+00	1.227817e-01
1.380510e+00	1.197104e-01
1.397333e+00	1.166901e-01
1.414362e+00	1.137204e-01
1.431598e+00	1.108012e-01
1.449044e+00	1.079322e-01
1.466703e+00	1.051131e-01
1.484577e+00	1.023436e-01
1.502669e+00	9.962349e-02
1.520981e+00	9.695244e-02
1.539516e+00	9.433014e-02
1.558278e+00	9.175630e-02
1.577268e+00	8.923058e-02
1.596489e+00	8.675265e-02
1.615944e+00	8.432219e-02
1.635637e+00	8.193883e-02
1.655570e+00	7.960223e-02
1.675745e+00	7.731201e-02
1.696167e+00	7.506782e-02
1.716837e+00	7.286926e-02
1.737759e+00	7.071595e-02
1.758937e+00	6.860749e-02
1.780372e+00	6.654348e-02
1.802068e+00	6.452350e-02
1.824029e+00	6.254714e-02
1.846258e+00	6.061396e-02
1.868757e+00	5.872354e-02
1.891531e+00	5.687543e-02
1.914582e+00	5.506917e-02
1.937914e+00	5.330433e-02
1.961530e+00	5.158043e-02
1.985434e+00	4.989700e-02
2.009630e+00	4.825358e-02
2.034120e+00	4.664967e-02
2.058909e+00	4.508481e-02
2.084000e+00	4.355848e-02
2.109396e+00	4.207021e-02
2.135102e+00	4.061947e-02
2.161122e+00	3.920578e-02
2.187458e+00	3.782861e-02
2.214116e+00	3.648745e-02
2.241098e+00	3.518178e-02
2.268409e+00	3.391108e-02
2.296053e+00	3.267481e-02
2.324034e+00	3.147246e-02
2.352355e+00	3.030348e-02
2.381022e+00	2.916733e-02
2.410039e+00	2.806349e-02
2.439409e+00	2.699140e-02
2.469136e+00	2.595053e-02
2.499227e+00	2.494033e-02
2.529683e+00	2.396025e-02
2.560511e+00	2.300974e-02
2.591715e+00	2.208826e-02
2.623299e+00	2.119526e-02
2.655268e+00	2.033019e-02
2.687626e+00	1.949250e-02
2.720379e+00	1.868164e-02
2.753530e+00	1.789706e-02
2.787086e+00	1.713822e-02
2.821051e+00	1.640457e-02
2.855430e+00	1.569557e-02
2.890227e+00	1.501066e-02
2.925449e+00	1.434932e-02
2.961100e+00	1.371101e-02
2.997185e+00	1.309518e-02
3.033711e+00	1.250131e-02
3.070681e+00	1.192886e-02
3.108102e+00	1.137731e-02
3.145978e+00	1.084615e-02
3.184317e+00	1.033484e-02
3.223123e+00	9.842876e-03
3.262401e+00	9.369749e-03
3.302158e+00	8.914954e-03
3.342400e+00	8.477991e-03
3.383132e+00	8.058365e-03
3.424361e+00	7.655587e-03
3.466091e+00	7.269173e-03
3.508331e+00	6.898646e-03
3.551085e+00	6.543535e-03
3.594360e+00	6.203374e-03
3.638163e+00	5.877704e-03
3.682499e+00	5.566075e-03
3.727376e+00	5.268039e-03
3.772800e+00	4.983161e-03
3.818777e+00	4.711007e-03
3.865314e+00	4.451155e-03
3.912419e+00	4.203189e-03
3.960097e+00	3.966699e-03
4.008357e+00	3.741285e-03
4.057205e+00	3.526554e-03
4.106648e+00	3.322120e-03
4.156694e+00	3.127606e-03
4.207349e+00	2.942642e-03
4.258622e+00	2.766869e-03
4.310519e+00	2.599932e-03
4.363049e+00	2.441488e-03
4.416220e+00	2.291199e-03
4.470038e+00	2.148739e-03
4.524512e+00	2.013786e-03
4.579650e+00	1.886030e-03
4.635460e+00	1.765168e-03
4.691950e+00	1.650905e-03
4.749128e+00	1.542954e-03
4.807003e+00	1.441038e-03
4.865584e+00	1.344886e-03
4.924878e+00	1.254237e-03
4.984895e+00	1.168837e-03
5.045643e+00	1.088441e-03
5.107132e+00	1.012811e-03
5.169370e+00	9.417173e-04
5.232366e+00	8.749389e-04
5.296130e+00	8.122612e-04
5.360672e+00	7.534779e-04
5.425999e+00	6.983901e-04
5.492123e+00	6.468063e-04
5.559053e+00	5.985422e-04
5.626798e+00	5.534210e-04
5.695369e+00	5.112723e-04
5.764776e+00	4.719333e-04
5.835028e+00	4.352473e-04
5.906136e+00	4.010645e-04
5.978111e+00	3.692417e-04
6.050963e+00	3.396416e-04
6.124703e+00	3.121333e-04
6.199342e+00	2.865918e-04
6.274890e+00	2.628979e-04
6.351359e+00	2.409380e-04
6.428760e+00	2.206041e-04
6.507104e+00	2.017935e-04
6.586402e+00	1.844085e-04
6.666668e+00	1.683565e-04
6.747911e+00	1.535496e-04
6.830144e+00	1.399049e-04
6.913379e+00	1.273434e-04
6.997629e+00	1.157910e-04
7.082906e+00	1.051773e-04
7.169221e+00	9.543623e-05
7.256589e+00	8.650529e-05
7.345021e+00	7.832580e-05
7.434531e+00	7.084255e-05
7.525132e+00	6.400368e-05
7.616837e+00	5.776057e-05
7.709659e+00	5.206764e-05
7.803613e+00	4.688225e-05
7.898712e+00	4.216450e-05
7.994969e+00	3.787718e-05
8.092400e+00	3.398554e-05
8.191018e+00	3.045724e-05
8.290837e+00	2.726218e-05
8.391873e+00	2.437236e-05
8.494141e+00	2.176184e-05
8.597655e+00	1.940652e-05
8.702430e+00	1.728414e-05
8.808482e+00	1.537407e-05
8.915826e+00	1.365728e-05
9.024479e+00	1.211622e-05
9.134455e+00	1.073472e-05
9.245772e+00	9.497914e-06
9.358446e+00	8.392131e-06
9.472492e+00	7.404842e-06
9.587929e+00	6.524565e-06
9.704772e+00	5.740797e-06
9.823039e+00	5.043946e-06
9.942747e+00	4.425258e-06
1.006391e+01	3.876763e-06
1.018656e+01	3.391209e-06
1.031070e+01	2.962012e-06
1.043635e+01	2.583201e-06
1.056353e+01	2.249369e-06
1.069226e+01	1.955627e-06
1.082256e+01	1.697565e-06
1.095445e+01	1.471205e-06
1.108795e+01	1.272970e-06
1.122307e+01	1.099646e-06
1.135984e+01	9.483503e-07
1.149828e+01	8.165017e-07
1.163840e+01	7.017930e-07
1.178023e+01	6.021653e-07
1.192379e+01	5.157844e-07
1.206910e+01	4.410190e-07
1.221618e+01	3.764210e-07
1.236505e+01	3.207069e-07
1.251574e+01	2.727417e-07
1.266826e+01	2.315227e-07
1.282264e+01	1.961666e-07
1.297891e+01	1.658961e-07
1.313707e+01	1.400286e-07
1.329717e+01	1.179660e-07
1.345921e+01	9.918512e-08
1.362323e+01	8.322909e-08
1.378925e+01	6.969994e-08
1.395730e+01	5.825159e-08
1.412739e+01	4.858370e-08
1.429955e+01	4.043617e-08
1.447381e+01	3.358420e-08
1.465020e+01	2.783394e-08
1.482873e+01	2.301854e-08
1.500944e+01	1.899472e-08
1.519235e+01	1.563970e-08
1.537749e+01	1.284851e-08
1.556489e+01	1.053161e-08
1.575457e+01	8.612742e-09
1.594657e+01	7.027187e-09
1.614090e+01	5.720085e-09
1.633760e+01	4.645068e-09
1.653670e+01	3.763031e-09
1.673822e+01	3.041073e-09
1.694220e+01	2.451583e-09
1.714867e+01	1.971442e-09
1.735765e+01	1.581342e-09
1.756918e+01	1.265199e-09
1.778328e+01	1.009648e-09
1.800000e+01	8.036090e-10